AXIN 30 永优玉米评估-河南-玉米-浚单29
2007 01 01 00 00 00 000
00 999 6841 1
120 2 1
3 5.9 9.3 12.7 0
9999 110.310 31.360 116.660 36.380

53889 113.820 36.070   0.0 0    8.046    1.000 林州
53898 114.400 36.050   0.0 0   10.269    1.000 安阳
53972 112.920 35.120   0.0 0   11.050    1.000 沁阳
53974 114.180 35.620   0.0 0   10.759    1.000 淇县
53978 112.630 35.080   0.0 0   13.548    2.000 济源
53979 113.080 35.150   0.0 0    8.188    1.000 博爱
53982 113.270 35.230   0.0 0   10.643    1.000 焦作
53983 114.420 35.030   0.0 0   13.056    2.000 封丘
53984 113.470 35.230   0.0 0    9.557    1.000 修武
53985 113.820 35.500   0.0 0   11.802    1.000 辉县
53986 113.880 35.320   0.0 0    9.369    1.000 新乡
53987 113.420 35.100   0.0 0   10.777    1.000 武陟
53988 113.670 35.270   0.0 0    9.113    1.000 获嘉
53989 113.950 35.050   0.0 0   12.781    2.000 原阳
53991 114.330 35.920   0.0 0   13.434    2.000 汤阴
53992 114.520 35.650   0.0 0   14.492    2.000 浚县
53993 114.920 35.930   0.0 0   12.084    1.000 内黄
53994 114.070 35.380   0.0 0   12.274    1.000 卫辉
53995 114.500 35.550   0.0 0   12.277    1.000 滑县
53997 114.180 35.150   0.0 0   13.626    2.000 延津
53998 114.650 35.200   0.0 0   12.584    1.000 长垣
54817 115.870 35.980   0.0 0    9.608    1.000 台前
54900 115.020 35.700   0.0 0   13.802    2.000 濮阳
54901 115.170 36.080   0.0 0    9.857    1.000 南乐
54902 115.120 35.900   0.0 0    8.907    1.000 清丰
54903 115.480 35.850   0.0 0   10.955    1.000 范县
57051 111.200 34.800   0.0 0    9.919    1.000 三门峡
57056 110.880 34.530   0.0 0    9.590    1.000 灵宝
57063 111.770 34.770   0.0 0    8.800    1.000 渑池
57065 112.180 34.500   0.0 0    6.605    1.000 宜阳
57066 111.670 34.380   0.0 0   10.990    1.000 洛宁
57067 111.030 34.050   0.0 0   13.480    2.000 卢氏
57070 112.120 34.730   0.0 0    9.131    1.000 新安
57071 112.430 34.820   0.0 0   10.923    1.000 孟津
57072 112.750 34.920   0.0 0   11.957    1.000 孟县
57074 112.400 34.420   0.0 0   10.165    1.000 伊川
57075 112.870 34.170   0.0 0   11.967    1.000 汝州
57076 112.780 34.730   0.0 0   10.205    1.000 偃师
57077 111.650 33.780   0.0 0    9.863    1.000 栾川
57078 112.470 34.150   0.0 0    9.777    1.000 汝阳
57079 113.030 34.950   0.0 0   11.539    1.000 温县
57080 112.970 34.730   0.0 0   12.823    2.000 巩义
57081 113.430 34.800   0.0 0   12.339    1.000 荥阳
57082 113.020 34.470   0.0 0   12.329    1.000 登封
57083 113.650 34.720   0.0 0   15.304    2.000 郑州
57084 113.050 34.500   0.0 0   13.268    2.000 嵩山站
57085 113.330 34.530   0.0 0   13.247    2.000 密县
57086 113.720 34.380   0.0 0   12.538    1.000 新郑
57087 113.800 34.200   0.0 0   13.095    2.000 长葛
57088 113.500 34.150   0.0 0   12.668    2.000 禹州
57089 113.870 34.030   0.0 0   12.089    1.000 许昌
57090 113.970 34.720   0.0 0   12.255    1.000 中牟
57091 114.300 34.780   0.0 0   14.172    2.000 开封
57093 114.820 34.850   0.0 0   13.733    2.000 兰考
57094 114.220 34.400   0.0 0   12.833    2.000 尉氏
57095 114.150 34.120   0.0 0   13.643    2.000 鄢陵
57096 114.780 34.530   0.0 0   12.462    1.000 杞县
57097 113.670 34.800   0.0 0   12.715    2.000 郑北郊
57098 114.400 34.080   0.0 0   10.062    1.000 扶沟
57099 114.850 34.070   0.0 0   11.238    1.000 太康
57156 111.500 33.300   0.0 0   10.464    1.000 西峡
57162 112.080 34.150   0.0 0    7.302    1.000 嵩县
57169 111.870 33.050   0.0 0    9.752    1.000 内乡
57173 112.880 33.750   0.0 0   12.414    1.000 鲁山
57175 112.230 33.050   0.0 0   11.079    1.000 镇平
57176 112.420 33.480   0.0 0   13.171    2.000 南召
57177 113.530 33.330   0.0 0   11.532    1.000 舞钢
57178 112.580 33.030   0.0 0   11.275    1.000 南阳
57179 113.000 33.280   0.0 0   11.587    1.000 方城
57180 113.200 33.980   0.0 0   10.231    1.000 郏县
57181 113.050 33.880   0.0 0   12.201    1.000 宝丰
57182 113.500 33.850   0.0 0   10.679    1.000 襄城
57183 113.920 33.800   0.0 0   10.121    1.000 临颍
57184 113.370 33.630   0.0 0   11.848    1.000 叶县
57185 113.580 33.450   0.0 0   11.214    1.000 舞阳
57186 114.050 33.600   0.0 0   10.791    1.000 漯河
57187 112.930 33.070   0.0 0   12.469    1.000 社旗
57188 114.030 33.370   0.0 0   11.879    1.000 西平
57189 113.950 33.130   0.0 0   10.748    1.000 遂平
57190 114.400 33.750   0.0 0    8.421    1.000 泛区
57191 114.480 34.480   0.0 0   11.683    1.000 通许
57192 114.850 33.730   0.0 0    8.376    1.000 淮阳
57193 114.520 33.780   0.0 0   10.022    1.000 西华
57194 114.270 33.280   0.0 0    8.625    1.000 上蔡
57195 114.620 33.620   0.0 0    9.025    1.000 周口
57196 114.870 33.470   0.0 0    9.707    1.000 项城
57197 114.330 33.000   0.0 0    8.600    1.000 汝南
57198 114.620 33.550   0.0 0   10.052    1.000 商水
57261 111.520 33.120   0.0 0   11.380    1.000 淅川
57271 112.380 32.550   0.0 0   12.687    2.000 新野
57273 112.850 32.680   0.0 0   12.975    2.000 唐河
57274 112.120 32.700   0.0 0   11.718    1.000 邓州
57281 113.300 32.700   0.0 0    8.648    1.000 泌阳
57285 113.420 32.380   0.0 0   10.934    1.000 桐柏
57290 114.020 33.000   0.0 0   10.216    1.000 驻马店
57292 114.630 32.970   0.0 0   10.493    1.000 平舆
57293 114.980 32.730   0.0 0   12.473    1.000 新蔡
57294 114.020 32.830   0.0 0    8.496    1.000 确山
57295 114.350 32.620   0.0 0   11.904    1.000 正阳
57296 114.730 32.350   0.0 0   10.885    1.000 息县
57297 114.050 32.130   0.0 0   11.540    1.000 信阳
57298 114.550 32.220   0.0 0   10.262    1.000 罗山
57299 114.900 32.020   0.0 0   12.372    1.000 光山
57390 114.070 31.800   0.0 0   12.265    1.000 鸡公山
57396 114.850 31.630   0.0 0   14.273    2.000 新县
58001 115.100 34.430   0.0 0   10.940    1.000 睢县
58004 115.150 34.650   0.0 0   11.542    1.000 民权
58005 115.670 34.450   0.0 0   11.205    1.000 商丘
58006 115.880 34.380   0.0 0   10.884    1.000 虞城
58007 115.300 34.070   0.0 0   11.029    1.000 柘城
58008 115.330 34.470   0.0 0   10.715    1.000 宁陵
58017 116.130 34.250   0.0 0   11.089    1.000 夏邑
58100 115.170 33.650   0.0 0    9.081    1.000 郸城
58101 115.480 33.870   0.0 0   11.261    1.000 鹿邑
58104 115.070 33.400   0.0 0    8.161    1.000 沈丘
58111 116.450 33.970   0.0 0   10.046    1.000 永城
58205 115.430 32.470   0.0 0   10.579    1.000 淮滨
58207 115.050 32.170   0.0 0    9.279    1.000 潢川
58208 115.620 32.170   0.0 0    8.759    1.000 固始
58301 115.380 31.820   0.0 0   11.992    1.000 商城
