AXIN 30 永优玉米评估
2017 11 09 00 03 13 732
00 999 6824 0
120 2 1
3 4.3 8.8 13.3 0
9999 110.330 31.360 116.660 36.380

53889 113.820 36.070   0.0 0   13.557    1.000 林州
53898 114.400 36.050   0.0 0   13.122    1.000 安阳
53972 112.920 35.120   0.0 0   10.202    1.000 沁阳
53974 114.180 35.620   0.0 0   13.771    1.000 淇县
53978 112.630 35.080   0.0 0   11.833    1.000 济源
53979 113.080 35.150   0.0 0   10.167    1.000 博爱
53982 113.270 35.230   0.0 0   10.618    1.000 焦作
53983 114.420 35.030   0.0 0   10.338    1.000 封丘
53984 113.470 35.230   0.0 0    9.723    1.000 修武
53985 113.820 35.500   0.0 0   12.441    1.000 辉县
53986 113.880 35.320   0.0 0   11.170    1.000 新乡
53987 113.420 35.100   0.0 0   11.213    1.000 武陟
53988 113.670 35.270   0.0 0   11.995    1.000 获嘉
53989 113.950 35.050   0.0 0   13.605    1.000 原阳
53991 114.330 35.920   0.0 0   15.484    2.000 汤阴
53992 114.520 35.650   0.0 0   12.994    1.000 浚县
53993 114.920 35.930   0.0 0   13.158    1.000 内黄
53994 114.070 35.380   0.0 0   12.924    1.000 卫辉
53995 114.500 35.550   0.0 0   11.621    1.000 滑县
53997 114.180 35.150   0.0 0   12.576    1.000 延津
53998 114.650 35.200   0.0 0   10.469    1.000 长垣
54817 115.870 35.980   0.0 0   11.593    1.000 台前
54900 115.020 35.700   0.0 0   11.126    1.000 濮阳
54901 115.170 36.080   0.0 0   12.181    1.000 南乐
54902 115.120 35.900   0.0 0   11.089    1.000 清丰
54903 115.480 35.850   0.0 0   12.315    1.000 范县
57051 111.200 34.800   0.0 0    8.685    0.000 三门峡
57056 110.880 34.530   0.0 0    8.506    0.000 灵宝
57063 111.770 34.770   0.0 0    9.744    1.000 渑池
57065 112.180 34.500   0.0 0    9.724    1.000 宜阳
57066 111.670 34.380   0.0 0    9.544    1.000 洛宁
57067 111.030 34.050   0.0 0   11.278    1.000 卢氏
57070 112.120 34.730   0.0 0    7.673    0.000 新安
57071 112.430 34.820   0.0 0    7.543    0.000 孟津
57072 112.750 34.920   0.0 0   10.157    1.000 孟县
57074 112.400 34.420   0.0 0   10.125    1.000 伊川
57075 112.870 34.170   0.0 0   10.226    1.000 汝州
57076 112.780 34.730   0.0 0    9.460    1.000 偃师
57077 111.650 33.780   0.0 0   11.340    1.000 栾川
57078 112.470 34.150   0.0 0    7.258    0.000 汝阳
57079 113.030 34.950   0.0 0   10.651    1.000 温县
57080 112.970 34.730   0.0 0   10.368    1.000 巩义
57081 113.430 34.800   0.0 0   11.495    1.000 荥阳
57082 113.020 34.470   0.0 0    9.894    1.000 登封
57083 113.650 34.720   0.0 0   10.583    1.000 郑州
57084 113.050 34.500   0.0 0   11.229    1.000 嵩山站
57085 113.330 34.530   0.0 0   10.895    1.000 密县
57086 113.720 34.380   0.0 0   11.537    1.000 新郑
57087 113.800 34.200   0.0 0   12.167    1.000 长葛
57088 113.500 34.150   0.0 0   11.515    1.000 禹州
57089 113.870 34.030   0.0 0   11.343    1.000 许昌
57090 113.970 34.720   0.0 0   11.837    1.000 中牟
57091 114.300 34.780   0.0 0    9.962    1.000 开封
57093 114.820 34.850   0.0 0    9.413    1.000 兰考
57094 114.220 34.400   0.0 0   12.181    1.000 尉氏
57095 114.150 34.120   0.0 0   12.890    1.000 鄢陵
57096 114.780 34.530   0.0 0   10.535    1.000 杞县
57097 113.670 34.800   0.0 0    8.752    0.000 郑北郊
57098 114.400 34.080   0.0 0   11.177    1.000 扶沟
57099 114.850 34.070   0.0 0   10.080    1.000 太康
57156 111.500 33.300   0.0 0   10.369    1.000 西峡
57162 112.080 34.150   0.0 0    7.830    0.000 嵩县
57169 111.870 33.050   0.0 0    9.257    1.000 内乡
57173 112.880 33.750   0.0 0   12.251    1.000 鲁山
57175 112.230 33.050   0.0 0   11.528    1.000 镇平
57176 112.420 33.480   0.0 0   12.042    1.000 南召
57177 113.530 33.330   0.0 0   10.364    1.000 舞钢
57178 112.580 33.030   0.0 0    9.562    1.000 南阳
57179 113.000 33.280   0.0 0    8.798    0.000 方城
57180 113.200 33.980   0.0 0   10.881    1.000 郏县
57181 113.050 33.880   0.0 0    9.806    1.000 宝丰
57182 113.500 33.850   0.0 0   10.915    1.000 襄城
57183 113.920 33.800   0.0 0   11.410    1.000 临颍
57184 113.370 33.630   0.0 0   11.415    1.000 叶县
57185 113.580 33.450   0.0 0   12.202    1.000 舞阳
57186 114.050 33.600   0.0 0   11.168    1.000 漯河
57187 112.930 33.070   0.0 0   12.352    1.000 社旗
57188 114.030 33.370   0.0 0   11.296    1.000 西平
57189 113.950 33.130   0.0 0   10.510    1.000 遂平
57190 114.400 33.750   0.0 0   11.979    1.000 泛区
57191 114.480 34.480   0.0 0   11.265    1.000 通许
57192 114.850 33.730   0.0 0   11.583    1.000 淮阳
57193 114.520 33.780   0.0 0   13.299    1.000 西华
57194 114.270 33.280   0.0 0    8.781    0.000 上蔡
57195 114.620 33.620   0.0 0   11.596    1.000 周口
57196 114.870 33.470   0.0 0   12.298    1.000 项城
57197 114.330 33.000   0.0 0   10.445    1.000 汝南
57198 114.620 33.550   0.0 0   11.925    1.000 商水
57261 111.520 33.120   0.0 0    9.379    1.000 淅川
57271 112.380 32.550   0.0 0    9.986    1.000 新野
57273 112.850 32.680   0.0 0    9.921    1.000 唐河
57274 112.120 32.700   0.0 0   11.580    1.000 邓州
57281 113.300 32.700   0.0 0    9.072    1.000 泌阳
57285 113.420 32.380   0.0 0   10.633    1.000 桐柏
57290 114.020 33.000   0.0 0    9.717    1.000 驻马店
57292 114.630 32.970   0.0 0    9.922    1.000 平舆
57293 114.980 32.730   0.0 0   12.164    1.000 新蔡
57294 114.020 32.830   0.0 0    9.545    1.000 确山
57295 114.350 32.620   0.0 0   12.358    1.000 正阳
57296 114.730 32.350   0.0 0   12.379    1.000 息县
57297 114.050 32.130   0.0 0   12.136    1.000 信阳
57298 114.550 32.220   0.0 0   13.595    1.000 罗山
57299 114.900 32.020   0.0 0   14.435    2.000 光山
57390 114.070 31.800   0.0 0   14.550    2.000 鸡公山
57396 114.850 31.630   0.0 0   10.928    1.000 新县
58001 115.100 34.430   0.0 0   12.370    1.000 睢县
58004 115.150 34.650   0.0 0   10.452    1.000 民权
58005 115.670 34.450   0.0 0   11.800    1.000 商丘
58006 115.880 34.380   0.0 0   13.852    2.000 虞城
58007 115.300 34.070   0.0 0   10.084    1.000 柘城
58008 115.330 34.470   0.0 0   11.584    1.000 宁陵
58017 116.130 34.250   0.0 0   12.452    1.000 夏邑
58100 115.170 33.650   0.0 0   10.176    1.000 郸城
58101 115.480 33.870   0.0 0   11.314    1.000 鹿邑
58104 115.070 33.400   0.0 0   12.738    1.000 沈丘
58111 116.450 33.970   0.0 0    9.403    1.000 永城
58205 115.430 32.470   0.0 0   12.357    1.000 淮滨
58207 115.050 32.170   0.0 0   13.544    1.000 潢川
58208 115.620 32.170   0.0 0   10.586    1.000 固始
58301 115.380 31.820   0.0 0   13.266    1.000 商城
