AXIN 30 永优玉米评估
2017 11 08 20 41 48 608
00 999 6824 0
121 1 1
3 5 10 15 0
9999 110.330 31.360 116.660 36.380

53889 113.820 36.070   0.0 0   10.667 林州
53898 114.400 36.050   0.0 0    9.298 安阳
53972 112.920 35.120   0.0 0    7.441 沁阳
53974 114.180 35.620   0.0 0    7.952 淇县
53978 112.630 35.080   0.0 0    8.658 济源
53979 113.080 35.150   0.0 0    5.650 博爱
53982 113.270 35.230   0.0 0    7.100 焦作
53983 114.420 35.030   0.0 0    6.241 封丘
53984 113.470 35.230   0.0 0    7.834 修武
53985 113.820 35.500   0.0 0   12.337 辉县
53986 113.880 35.320   0.0 0    8.513 新乡
53987 113.420 35.100   0.0 0    4.635 武陟
53988 113.670 35.270   0.0 0    7.110 获嘉
53989 113.950 35.050   0.0 0    9.115 原阳
53990 114.320 35.720   0.0 0    1.061 鹤壁
53991 114.330 35.920   0.0 0   10.163 汤阴
53992 114.520 35.650   0.0 0    8.152 浚县
53993 114.920 35.930   0.0 0    8.509 内黄
53994 114.070 35.380   0.0 0    6.537 卫辉
53995 114.500 35.550   0.0 0    9.243 滑县
53997 114.180 35.150   0.0 0    6.539 延津
53998 114.650 35.200   0.0 0    7.389 长垣
54817 115.870 35.980   0.0 0    5.608 台前
54900 115.020 35.700   0.0 0    7.618 濮阳
54901 115.170 36.080   0.0 0    7.193 南乐
54902 115.120 35.900   0.0 0    6.429 清丰
54903 115.480 35.850   0.0 0    6.523 范县
57051 111.200 34.800   0.0 0    6.662 三门峡
57056 110.880 34.530   0.0 0    4.846 灵宝
57063 111.770 34.770   0.0 0    7.440 渑池
57065 112.180 34.500   0.0 0    7.787 宜阳
57066 111.670 34.380   0.0 0    5.669 洛宁
57067 111.030 34.050   0.0 0    8.875 卢氏
57070 112.120 34.730   0.0 0      NaN 新安
57071 112.430 34.820   0.0 0    6.635 孟津
57072 112.750 34.920   0.0 0    8.388 孟县
57074 112.400 34.420   0.0 0    6.793 伊川
57075 112.870 34.170   0.0 0    5.240 汝州
57076 112.780 34.730   0.0 0    4.134 偃师
57077 111.650 33.780   0.0 0    8.756 栾川
57078 112.470 34.150   0.0 0    5.663 汝阳
57079 113.030 34.950   0.0 0    7.118 温县
57080 112.970 34.730   0.0 0    7.902 巩义
57081 113.430 34.800   0.0 0    7.979 荥阳
57082 113.020 34.470   0.0 0    7.840 登封
57083 113.650 34.720   0.0 0    7.675 郑州
57084 113.050 34.500   0.0 0    8.486 嵩山站
57085 113.330 34.530   0.0 0    6.873 密县
57086 113.720 34.380   0.0 0    6.215 新郑
57087 113.800 34.200   0.0 0    5.952 长葛
57088 113.500 34.150   0.0 0    6.723 禹州
57089 113.870 34.030   0.0 0    7.607 许昌
57090 113.970 34.720   0.0 0    5.149 中牟
57091 114.300 34.780   0.0 0    6.946 开封
57093 114.820 34.850   0.0 0    8.634 兰考
57094 114.220 34.400   0.0 0    7.942 尉氏
57095 114.150 34.120   0.0 0      NaN 鄢陵
57096 114.780 34.530   0.0 0    7.291 杞县
57098 114.400 34.080   0.0 0      NaN 扶沟
57099 114.850 34.070   0.0 0    7.229 太康
57156 111.500 33.300   0.0 0   10.095 西峡
57162 112.080 34.150   0.0 0    4.723 嵩县
57169 111.870 33.050   0.0 0    9.460 内乡
57171 113.120 33.770   0.0 0    1.016 平顶山
57173 112.880 33.750   0.0 0    7.871 鲁山
57175 112.230 33.050   0.0 0   11.683 镇平
57176 112.420 33.480   0.0 0   11.567 南召
57177 113.530 33.330   0.0 0    7.125 舞钢
57178 112.580 33.030   0.0 0   10.351 南阳
57179 113.000 33.280   0.0 0    9.718 方城
57180 113.200 33.980   0.0 0    8.051 郏县
57181 113.050 33.880   0.0 0    7.804 宝丰
57182 113.500 33.850   0.0 0    6.350 襄城
57183 113.920 33.800   0.0 0    9.336 临颍
57184 113.370 33.630   0.0 0    7.380 叶县
57185 113.580 33.450   0.0 0    8.588 舞阳
57186 114.050 33.600   0.0 0    9.705 漯河
57187 112.930 33.070   0.0 0   10.213 社旗
57188 114.030 33.370   0.0 0    8.206 西平
57189 113.950 33.130   0.0 0    6.706 遂平
57190 114.400 33.750   0.0 0    7.402 泛区
57191 114.480 34.480   0.0 0   10.106 通许
57192 114.850 33.730   0.0 0    8.284 淮阳
57193 114.520 33.780   0.0 0    9.041 西华
57194 114.270 33.280   0.0 0    7.377 上蔡
57195 114.620 33.620   0.0 0    9.484 周口
57196 114.870 33.470   0.0 0    8.320 项城
57197 114.330 33.000   0.0 0    8.798 汝南
57198 114.620 33.550   0.0 0    8.218 商水
57261 111.520 33.120   0.0 0    7.377 淅川
57271 112.380 32.550   0.0 0    8.585 新野
57273 112.850 32.680   0.0 0    9.082 唐河
57274 112.120 32.700   0.0 0    9.935 邓州
57281 113.300 32.700   0.0 0   10.416 泌阳
57285 113.420 32.380   0.0 0    6.939 桐柏
57290 114.020 33.000   0.0 0    9.590 驻马店
57292 114.630 32.970   0.0 0    8.505 平舆
57293 114.980 32.730   0.0 0    8.643 新蔡
57294 114.020 32.830   0.0 0    9.434 确山
57295 114.350 32.620   0.0 0    7.605 正阳
57296 114.730 32.350   0.0 0    4.958 息县
57297 114.050 32.130   0.0 0    5.164 信阳
57298 114.550 32.220   0.0 0    5.912 罗山
57299 114.900 32.020   0.0 0    6.622 光山
57390 114.070 31.800   0.0 0    8.640 鸡公山
57396 114.850 31.630   0.0 0    8.866 新县
58001 115.100 34.430   0.0 0    9.951 睢县
58004 115.150 34.650   0.0 0    8.736 民权
58005 115.670 34.450   0.0 0    9.776 商丘
58006 115.880 34.380   0.0 0    8.495 虞城
58007 115.300 34.070   0.0 0    9.553 柘城
58008 115.330 34.470   0.0 0    9.753 宁陵
58017 116.130 34.250   0.0 0   10.279 夏邑
58100 115.170 33.650   0.0 0    6.978 郸城
58101 115.480 33.870   0.0 0    6.997 鹿邑
58104 115.070 33.400   0.0 0      NaN 沈丘
58111 116.450 33.970   0.0 0    9.800 永城
58205 115.430 32.470   0.0 0    5.815 淮滨
58207 115.050 32.170   0.0 0    5.648 潢川
58208 115.620 32.170   0.0 0    5.701 固始
58301 115.380 31.820   0.0 0    5.134 商城
