AXIN 30 永优玉米评估
2017 11 06 22 40 43 543
00 999 0 0
121 1 1
9999 2 2 20 0
9999 110.330 31.360 116.660 36.380

53889 113.820 36.070   0.0 0   13.936 林州
53898 114.400 36.050   0.0 0   14.854 安阳
53972 112.920 35.120   0.0 0   10.087 沁阳
53974 114.180 35.620   0.0 0   13.388 淇县
53978 112.630 35.080   0.0 0   12.201 济源
53979 113.080 35.150   0.0 0   12.856 博爱
53982 113.270 35.230   0.0 0   11.550 焦作
53983 114.420 35.030   0.0 0   13.164 封丘
53984 113.470 35.230   0.0 0   11.486 修武
53985 113.820 35.500   0.0 0   13.038 辉县
53986 113.880 35.320   0.0 0   13.329 新乡
53987 113.420 35.100   0.0 0   10.147 武陟
53988 113.670 35.270   0.0 0   13.223 获嘉
53989 113.950 35.050   0.0 0   11.314 原阳
53990 114.320 35.720   0.0 0    1.432 鹤壁
53991 114.330 35.920   0.0 0   14.450 汤阴
53992 114.520 35.650   0.0 0   13.892 浚县
53993 114.920 35.930   0.0 0   13.223 内黄
53994 114.070 35.380   0.0 0   14.266 卫辉
53995 114.500 35.550   0.0 0   14.999 滑县
53997 114.180 35.150   0.0 0   12.149 延津
53998 114.650 35.200   0.0 0   14.946 长垣
54817 115.870 35.980   0.0 0   13.283 台前
54900 115.020 35.700   0.0 0   10.839 濮阳
54901 115.170 36.080   0.0 0   13.108 南乐
54902 115.120 35.900   0.0 0   13.075 清丰
54903 115.480 35.850   0.0 0   13.002 范县
57051 111.200 34.800   0.0 0    8.849 三门峡
57056 110.880 34.530   0.0 0    6.817 灵宝
57063 111.770 34.770   0.0 0    7.644 渑池
57065 112.180 34.500   0.0 0    6.610 宜阳
57066 111.670 34.380   0.0 0    6.067 洛宁
57067 111.030 34.050   0.0 0   11.594 卢氏
57070 112.120 34.730   0.0 0    7.324 新安
57071 112.430 34.820   0.0 0   10.529 孟津
57072 112.750 34.920   0.0 0   11.503 孟县
57074 112.400 34.420   0.0 0    9.236 伊川
57075 112.870 34.170   0.0 0   10.610 汝州
57076 112.780 34.730   0.0 0    9.661 偃师
57077 111.650 33.780   0.0 0    9.776 栾川
57078 112.470 34.150   0.0 0    7.978 汝阳
57079 113.030 34.950   0.0 0   10.491 温县
57080 112.970 34.730   0.0 0   14.946 巩义
57081 113.430 34.800   0.0 0   14.383 荥阳
57082 113.020 34.470   0.0 0   14.964 登封
57083 113.650 34.720   0.0 0   14.101 郑州
57084 113.050 34.500   0.0 0   14.061 嵩山站
57085 113.330 34.530   0.0 0   10.322 密县
57086 113.720 34.380   0.0 0   12.856 新郑
57087 113.800 34.200   0.0 0   12.129 长葛
57088 113.500 34.150   0.0 0   12.655 禹州
57089 113.870 34.030   0.0 0   13.188 许昌
57090 113.970 34.720   0.0 0   14.169 中牟
57091 114.300 34.780   0.0 0   16.248 开封
57093 114.820 34.850   0.0 0   13.438 兰考
57094 114.220 34.400   0.0 0   11.624 尉氏
57095 114.150 34.120   0.0 0   11.673 鄢陵
57096 114.780 34.530   0.0 0   16.180 杞县
57098 114.400 34.080   0.0 0   13.134 扶沟
57099 114.850 34.070   0.0 0   14.446 太康
57156 111.500 33.300   0.0 0   13.234 西峡
57162 112.080 34.150   0.0 0    8.729 嵩县
57169 111.870 33.050   0.0 0   13.331 内乡
57171 113.120 33.770   0.0 0    1.295 平顶山
57173 112.880 33.750   0.0 0   12.474 鲁山
57175 112.230 33.050   0.0 0   14.445 镇平
57176 112.420 33.480   0.0 0   13.942 南召
57177 113.530 33.330   0.0 0   13.653 舞钢
57178 112.580 33.030   0.0 0   15.690 南阳
57179 113.000 33.280   0.0 0   14.753 方城
57180 113.200 33.980   0.0 0   11.968 郏县
57181 113.050 33.880   0.0 0   13.424 宝丰
57182 113.500 33.850   0.0 0   11.125 襄城
57183 113.920 33.800   0.0 0   11.151 临颍
57184 113.370 33.630   0.0 0   10.910 叶县
57185 113.580 33.450   0.0 0   14.365 舞阳
57186 114.050 33.600   0.0 0   13.252 漯河
57187 112.930 33.070   0.0 0   12.424 社旗
57188 114.030 33.370   0.0 0   14.135 西平
57189 113.950 33.130   0.0 0   11.826 遂平
57190 114.400 33.750   0.0 0   13.107 泛区
57191 114.480 34.480   0.0 0   13.159 通许
57192 114.850 33.730   0.0 0   13.742 淮阳
57193 114.520 33.780   0.0 0   11.085 西华
57194 114.270 33.280   0.0 0   11.946 上蔡
57195 114.620 33.620   0.0 0   12.329 周口
57196 114.870 33.470   0.0 0   15.511 项城
57197 114.330 33.000   0.0 0   13.479 汝南
57198 114.620 33.550   0.0 0   12.211 商水
57261 111.520 33.120   0.0 0   13.608 淅川
57271 112.380 32.550   0.0 0   12.775 新野
57273 112.850 32.680   0.0 0   15.631 唐河
57274 112.120 32.700   0.0 0   10.231 邓州
57281 113.300 32.700   0.0 0   10.595 泌阳
57285 113.420 32.380   0.0 0   10.296 桐柏
57290 114.020 33.000   0.0 0   10.089 驻马店
57292 114.630 32.970   0.0 0   13.316 平舆
57293 114.980 32.730   0.0 0   11.400 新蔡
57294 114.020 32.830   0.0 0   12.574 确山
57295 114.350 32.620   0.0 0   12.493 正阳
57296 114.730 32.350   0.0 0   14.421 息县
57297 114.050 32.130   0.0 0   11.987 信阳
57298 114.550 32.220   0.0 0    9.423 罗山
57299 114.900 32.020   0.0 0   10.686 光山
57390 114.070 31.800   0.0 0   14.482 鸡公山
57396 114.850 31.630   0.0 0   13.018 新县
58001 115.100 34.430   0.0 0   12.246 睢县
58004 115.150 34.650   0.0 0   12.827 民权
58005 115.670 34.450   0.0 0   15.432 商丘
58006 115.880 34.380   0.0 0   12.584 虞城
58007 115.300 34.070   0.0 0   14.889 柘城
58008 115.330 34.470   0.0 0   15.581 宁陵
58017 116.130 34.250   0.0 0   11.222 夏邑
58100 115.170 33.650   0.0 0   10.686 郸城
58101 115.480 33.870   0.0 0   15.003 鹿邑
58104 115.070 33.400   0.0 0   14.616 沈丘
58111 116.450 33.970   0.0 0   15.973 永城
58205 115.430 32.470   0.0 0   13.909 淮滨
58207 115.050 32.170   0.0 0    8.740 潢川
58208 115.620 32.170   0.0 0   10.237 固始
58301 115.380 31.820   0.0 0   11.507 商城
